-0.08823015859752006
-0.13107954902064833
-0.09921387557746285
-0.044349794872155235
0.0060461006921902405
0.020137494409739103
0.062242679314488285
0.016706634945445137
-0.17393727931156863
-0.06270178007076482
-0.25386298163211923
0.06834022542469793
-0.07044055439284731
-0.04062481539154425
-0.09548339126532196
-0.10359655275434021
-0.05073569162635582
-0.3440465251816193
-0.1137329646469734
0.043134194881584015
0.2541274940611003
0.3757501416339816
0.12408619306562654
0.2625009158078439
0.06750162112558966
-0.12078208401543208
0.000468140726198145
0.14396738972899306
0.021110815446006813
-0.17743387491941115
-0.23908600248476405
-0.1074017879568661
-0.3180296015706678
0.06429831668336997
0.16630993726297022
0.06762491246558495
-0.21619306940024358
-0.14857316959616726
0.2301572159700886
-0.042415727541323035
0.00958873005281877
0.021135344820216347
-0.06398807656128079
-0.06601342620249472
-0.050679956545617307
0.03139361574435045
-0.05123368122484819
0.18490061808620742
-0.17040557644081628
0.0710285627949439
-0.11256142124170163
-0.15652788819020222
-0.10623695374319579
-0.05254350231556792
0.06983386805202733
0.03265441127441945
0.16780368581932137
0.21196295418187436
-0.12606072207920124
-0.11764014408318405
0.12620736294835805
0.1394495148526134
0.29544593092264876
-0.034116878531188444
-0.1705609603780842
0.03953044786622381
0.19622471308457642
-0.21140929572741463
0.18685860147252273
-0.2848571155596759
0.02659479350591436
0.0961042356227608
0.1398695116461162
-0.10752780144930152
0.15338470935127113
0.10092868923322135
0.04854996321977926
-0.20190474792518934
-0.15690640975328296
0.1475859974429267
-0.16217640636536412
0.11554637186012487
0.23148121503141747
-0.1453308034378662
0.11366667971177412
-0.1625406292417701
0.22867675399773302
-0.07538144330695365
0.19621662268240478
-0.19495267101416977
0.02154073930943774
0.05049259324302377
-0.1376687904940535
0.07661429013201862
0.17635267183473044
-0.0054226721891638945
0.02949496787889055
-0.018089627255492183
-0.08440881071742551
-0.19714819678825413
0.10658662622917461
0.09854945724617385
0.1001984681831818
0.006070842465459341
0.3685200196398879
-0.021518663444578354
-0.07205894934412482
0.051876233380362326
0.030878959485905768
-0.06675905615096785
-0.05889470193372487
0.10181296214961613
-0.2708057627388342
0.22468091166921964
-0.09732575662218719
-0.21120783934987425
0.041344145782636725
0.03606005691317722
-0.04868574630325877
0.08403580322147379
-0.14419931343964845
-0.1120915828435047
0.10485691232581126
-0.22341946960390263
-0.21389423048157422
-0.07626817874900643
0.4689176683705233
0.16274271931562675
-0.21672207595453488
-0.19795951223383496
-0.1931374137168088
0.1576099677652287
0.30144441996143956
0.13146832962780178
0.14938557750989323
0.2551920165158989
-0.13757188744706153
0.05817988802270314
-0.05764210432970028
0.1837993634348566
0.008085520574351262
0.21061040471385087
0.12796313830048253
-0.08886778145997491
-0.07851039081159447
-0.047643054734266305
-0.42893247765353654
-0.18185644506067788
-0.12233925266399827
0.034182388222256575
0.23141124329533017
-0.2013192760023551
0.010785540864161936
-0.0062839806826782
0.09318151005107622
0.021152681876156966
0.1661726751409754
-0.000775392760051309
-0.19535752985303229
-0.08413494240750746
-0.11602595810498187
0.04738000064046439
0.21078614700088572
-0.2360530792889459
0.02485248614501713
0.22952855075167644
-0.23445249568073082
0.10710954072097988
0.0030796061827512424
0.13216996022552607
-0.1082350158497498
-0.05241326095594832
0.1429166841395791
-0.01753729786378087
-0.13494716072562274
0.09847844835526619
0.08815345831267556
-0.22586315004593793
0.025780532587508582
0.06593738972161901
0.01191263264520535
0.10560199750517123
0.03408811341458125
0.013165795443592927
0.09722634715752822
0.03489863166868731
0.0775933311056946
0.11822727824793337
-0.32093017728938306
0.024837453272120544
-0.143067522574915
-0.06331436482352212
0.07159552235632924
-0.09525442752960521
0.22426678742918169
0.09927728182887442
-0.12414666652635407
0.04648301437301627
-0.22759908561607675
-0.07788229810170705
-0.22216264606115405
-0.014336064016312175
0.1643834091837636
0.01694778402384938
-0.25670135942832845
0.15816956140176888
0.08363689899756448
-0.28031550737380184
-0.24449344639189613
-0.0986149072708816
-0.035193624723579224
0.10123554516519366
-0.08859634395510342
0.1739447677842573
-0.18720212326260677
-0.05527876594164633
-0.00981544436761289
0.09357321750279844
-0.026002641495315358
0.09746833130259751
-0.1399183624973063
-0.10051829236916596
-0.12982733866368368
0.06548716370634698
0.322756594238336
-0.2578872448304664
-0.0775454259555907
-0.18781927372151105
-0.11009293869388147
-0.1411232812138956
0.08731409179492057
-0.05467050221401268
0.07630488832124419
-0.24119910035444417
0.20042838825862674
-0.030598226248860595
0.2766459065802972
0.18728075714559458
0.18949788877866083
0.1412692941046345
0.03646165576908091
0.08736406648172623
0.19671286000087
-0.03018583510588449
0.17791797092179962
0.05309045458484406
-0.15450562419183808
-0.058018794587836195
-0.21211657857400315
-0.31955720575950325
0.053728917079012936
0.17374221532177417
-0.010809877142020571
-0.25783105799377887
-0.04514540434359377
-0.08709958070535885
0.04026966345647936
0.03846870210240035
-0.07162797538223478
-0.2366337094870051
-0.32894725125404833
-0.20946200688953812
-0.22584955440424315
0.018763725823556728
0.0010259773477612542
-0.22794697503567393
-0.01943405096479697
-0.17404993851310685
-0.26156398953265814
-0.2349761534900557
-0.0513036589173229
0.09219075166951576
0.047773700361007816
0.07617436022785473
-0.19477336795180283
0.09418779474905792
0.025099274782862918
0.0555763017217016
-0.1207232940365444
-0.17053813583524596
0.07221673077352878
-0.20460964789545363
0.03949746503481548
0.04086330359014743
-0.07351598645125672
-0.0348790859393133
0.19121353445431102
0.1265431864650262
-0.030026933703757103
0.24090392095998917
0.13342355599668948
-0.24175850661911705
0.2671460494821437
-0.020547122585133665
-0.21482838531249282
0.10347248953573543
-0.10437746256833098
-0.024080443436005346
0.29392350824078345
-0.3487624724366183
0.11175197173634419
0.017576231342137608
-0.20650810062430572
0.08587838376019652
0.025409598969105943
0.12244031830095542
0.16598788807852516
0.15932497804756773
-0.053838995136502726
-0.03693387664909927
-0.0770023554623279
-0.036551196383871845
0.027691068554655578
-0.24670097079991213
0.12877284284090662
0.22529283211112153
0.11623306084444127
-0.023916488910312412
0.11706400715918377
0.2291628202253153
-0.37237151734989266
0.20704326894905825
0.0017575927666326648
-0.1273320937803879
-0.17442459361952642
-0.031707238831238785
-0.10615996345146868
-0.03319137089044476
-0.07394898166297609
0.2085934235306818
-0.11070961406971505
0.2805853543704918
0.02439708988930836
-0.19760592012897546
0.26726555897912724
-0.3024199726994217
0.04274729312511189
0.2326748881618012
0.3178510128661707
-0.13600618800908046
-0.13705983744004518
-0.1218321455624503
-0.0758191196406295
0.18545764847254484
0.21387257176388155
0.2622587955128301
0.24088414770242014
0.40456716175862134
0.12903106702866424
0.2633234870274766
-0.05826657257254677
0.011018875783267107
-0.12701816238206468
-0.17219163859398262
0.13806742090805302
-0.09540336027304053
0.3959435635487526
0.1280412777561458
0.003958731481677363
-0.21440753539348917
-0.02476147889275116
0.1849064302603892
0.14956606026816446
0.02189573707344181
0.2617966800212829
0.05474130937849663
0.23104125053481814
0.17079755509050415
0.19679889931140146
0.029742853126289374
0.092317618809861
0.17804919397314284
-0.05194118311231532
0.047365981380252484
-0.3516955459718404
-0.055110236680842646
-0.21367147390795563
-0.34129256940497477
0.05423001158464426
-0.06480661817612926
0.390595670464075
-0.33670870806572806
-0.07506392078996424
-0.17456623974130484
-0.16601600136949313
0.071725558978027
-0.07716864356760332
0.03072281082749489
-0.15996650466948362
-0.037055980525947316
-0.08063993684889485
-0.23269797254725222
0.039327648209169834
0.07751292696862286
-0.06919801408165552
0.04347185806000873
0.12205450286892419
-0.22890556820680663
-0.22774615388431876
0.1166063441613306
0.12577747697923203
0.19929758686626478
0.016809260518147025
-0.09262951929313219
0.019651608598351356
0.22591383975033139
-0.020200652751580606
-0.005292615189357799
-0.10319705497393865
-0.07133515222491942
0.18973185743680737
-0.08819288182915845
-0.13465377335601952
0.010132850433592048
0.23384642618002804
0.14962090914687182
0.06990934498652027
0.17760105563220496
-0.1347216566308825
-0.04379712471015745
0.10097222556293868
-0.13002158246281917
0.17425606074281275
-0.20960907231225528
0.12435460807689475
-0.03643503653908882
0.04221308184112522
-0.0034807388585729577
0.1127336932130215
0.14873252355625294
-0.05353359597943315
0.06729562720508718
0.11934369525327485
0.2054198076165595
0.07356354417927036
-0.2064729948547174
0.03938840506061349
0.14440053082882578
0.04898831832678154
0.060253133327805505
-0.2715412603438842
-0.02689338639820286
0.10438568949359713
0.13737729662305168
0.15434805149393058
0.37735533672566673
0.05789508817521462
-0.010711989272602543
0.22865490948782322
-0.03628109330415508
0.033577432760115926
-0.03861733991114996
0.128801468445864
0.12493358358689502
0.21842580360239544
-0.02972411933166902
0.01690575933436593
-0.020572186136916693
-0.0007989182535562308
0.23714865493224607
0.15932785235180882
0.2653750903733055
0.22560176608230706
0.5233754332723477
0.004009231379538247
-0.08374908151691354
0.007354703200241788
-0.13472749929069877
0.04599064680606275
-0.17675175193561174
0.13294513433893923
-0.009138975289039184
0.07515874882924707
-0.030484638475282523
-0.09241242045683003
0.10069908216456987
0.2509094986303814
-0.11753401602539591
0.03608445042521021
0.10645008472769389
-0.15255395689085255
0.09384677244619757
-0.02890346228652957
-0.16501524986643676
-0.05056723561103741
0.046590644711697306
0.10434973385737178
-0.1126851416420437
0.004993241203479987
-0.0023541641685929917
-0.1778106843791888
0.10843150895374716
0.2548475734909484
-0.01065035490930847
-0.1131400954214906
-0.1559020794167158
-0.03044540660846948
-0.06762795369646761
0.022533003341885346
-0.06193025354038806
0.1088854049480034
-0.20935978731168498
0.09116659086882546
-0.33716002308242304
-0.058955225458741115
0.2561600044836127
0.1024412525032502
-0.04342973845370425
0.08074777187193802
-0.13368281343108546
-0.09580297213469788
-0.09050051890157926
0.01542452801709028
0.040383578060360456
-0.4360165537364012
0.23294868982943287
-0.18244673549224455
-0.04757789415580796
0.022584757516852686
-0.08047118251912036
-0.047336273458182684
0.16489075909062453
-0.12122362761535313
0.12211901814070021
-0.21754506971365822
-0.10525400625997226
0.1590225962968986
0.06413268542272715
0.38057633754724196
0.2610932600941784
0.07797766174048561
0.07404321756106337
0.1532746178175593
0.08838827540421185
0.15813209483047788
-0.02759109176209432
-0.018344331290443498
0.1036847227506347
0.2051405622652384
0.05987724901755618
0.13766035862579948
0.021713182873576212
-0.21590694751132797
0.25743234887808847
0.07583350882885137
-0.4791652140837022
-0.07751154974214426
0.2179546220479201
-0.053095052424799664
0.1337052632968605
0.2172490695430903
0.07369170314725519
-0.07904027083050953
-0.1840280067296947
0.0007256918452231044
-0.24695130081359865
-0.16280446109307534
-0.2179175724631866
-0.014085039050211901
-0.21047988228471734
0.09321707424660815
-0.32076426855787976
-0.2873869271586785
0.07281391828410146
-0.0006489391996371403
0.26769639221287045
0.14346977454482748
-0.37809285552364563
0.1796695943559553
-0.15072845582186833
0.014009245875169253
0.01564314635544203
0.1583280502389815
-0.05192027933516247
-0.05822780937766596
-0.11579532577662612
-0.13344413861609733
-0.1674716520604546
-0.17834640203671026
0.007675896335322983
-0.12097666298025733
-0.09415299448686357
-0.030337189370701644
0.1309812323431995
-0.29653573544491707
-0.332108732670135
-0.11183776932300551
-0.30917965452151064
-0.08565083767968007
-0.08514680690505232
-0.03702202883682711
-0.08818694471293219
0.09449972378394228
0.19237439381923327
-0.2432487573104016
-0.06567729513945747
-0.10735648375880624
0.2858632392754378
0.05061519582822251
-0.08149102195666236
0.034282949078148765
0.05936616831981501
0.03198044341016513
-0.02660316373643188
0.1510929272441021
-0.08473875432399137
0.024688742978454695
0.04177944096289231
-0.06176417348734693
-0.10189441419982428
0.04304535252069753
0.122324153277718
-0.26420674298422053
0.038683896480921486
-0.42976613011551235
-0.16245298604873915
-0.03907943309186749
-0.04847476903272537
-0.06172036810931155
-0.011511794606289398
0.05037109843460642
0.4565940185608758
0.23220823025939588
0.06076001551144772
-0.07092903382686934
-0.07779772590860551
-0.033506177577098915
0.20269751549086681
0.017502604907929393
0.14336054704900675
-0.12856556450076465
-0.0638357509150582
0.07434373304647558
-0.2186570456625155
0.001991085825285323
0.2913405348371052
0.1838780698974292
0.028925459713185244
-0.18191968678608758
-0.1845118095843659
-0.15987630926143942
-0.20443337776392598
0.004224986967384401
-0.10242398542570696
0.1427908204172648
0.16471411944063388
0.006902597328668544
-0.14695089453815108
0.18289200744008996
-0.05792607414756079
0.020139099457798133
0.08056227632555078
-0.012060904883999161
-0.24230431251581785
-0.05031438411342769
-0.04744688401678292
-0.36166962576760925
0.16870732570482602
0.1223766368620217
-0.11356533079713768
-0.13214264268368872
-0.33385831305495983
-0.11720871248897237
0.08417703461454396
-0.24619904568783887
0.06281145827098182
0.03731098989234219
-0.05671613628817032
0.029305645557487364
-0.21538095843670693
0.06734289385433243
0.35293166430413425
-0.1713158609905397
-0.06017430526942358
-0.24879408740754544
0.15289304150874747
-0.266765679384117
0.1761068509328786
-0.14758123520044095
0.18070470956717372
-0.07622474832460854
-0.09117511254740476
-0.08471532149143658
-0.006443593787787896
0.1793427113433246
0.04982506237088684
0.07000466245606524
-0.02793277433615612
0.03729365041594128
-0.08834898863162587
0.04639222408318697
0.021133936378135317
0.1563399888200291
-0.17411296519701475
-0.01388051034304445
0.06034429664619967
-0.06136311469752318
-0.11482248558695904
-0.002004499238977651
0.02489191163144213
-0.00589561930358772
-0.028703391508268603
-0.10883906024717795
0.06885155733997332
0.04509657331060203
0.1170560575262261
0.060118463676189476
-0.10087599251749253
-0.05801172879335908
-0.15469656852060998
-0.026705478423643042
0.0772563758337909
-0.09954213304048402
0.10258636096646093
0.15841440790241185
0.25942587042952236
0.0997917306564297
-0.12837868986585926
0.14030530131776195
-0.10481785286323483
0.152332801377895
-0.0033835273244273243
0.09404342077458719
0.1943394192325719
-0.07565612412497401
0.15828650668110228
-0.04859258687893412
-0.09971633940761437
0.16687630361171865
0.09998267495394392
-0.35346025867771236
0.2559195016649296
0.03576957666273289
-0.09923810425255183
0.254338323350925
-0.1675908103627713
0.35106495206470717
-0.011731672318389534
0.14795125277839982
-0.15467426462771358
-0.09848873733804987
0.002392561997656399
0.10975897128299457
0.05965232840230403
0.11291305455089622
0.059418185928730105
0.09926019343205111
-0.09920746555839596
-0.015229527779645617
-0.3258952465069307
-0.03132105437603162
-0.0063871197250523395
-0.16197950566341496
0.28305102639519775
0.10601446373198382
-0.1306148726735056
0.32525901847768285
-0.3143149294247151
-0.2714082679772653
-0.39751492523809295
-0.0787153127284431
0.07833967956066305
0.03651846261573933
-0.03700694678511883
-0.05793542797944972
-0.17004236320953442
0.012622497850378389
-0.03217393951505221
0.2619037518383042
0.030133748467908034
-0.22386948765163503
-0.023489129562164198
0.041950641638814436
-0.22296286953576389
-0.2175641033432442
-0.012787584649075015
-0.08755796106999833
-0.13382513630763476
-0.0028795739866886534
0.07089395870418702
0.02531998555382821
0.001132235917434448
0.0492542261704237
0.0650958316208438
-0.1318496139035514
-0.0345510596508581
-0.11923252076315562
-0.1010475311053801
-0.0691594837711143
-0.26518810798325204
0.1883094814039252
0.08323324554796036
-0.004380392050856543
-0.1164350753068172
-0.05553341254978656
0.15126836371892427
0.03130195459024354
-0.07396117264234515
0.11627015954110761
0.06311558618903242
0.23590456999914522
0.10051488337551705
0.0544973826970153
-0.11126160079703992
-0.15897750861607277
-0.21140154302225725
0.15101097921299875
0.2378672218870458
0.12492646759376244
0.039244308058801206
0.25730056878759416
-0.15125944395866892
0.10898908613826745
-0.09822017150432438
0.2085425649437083
0.13069303308977198
0.1678389932907298
-0.013897290932986639
-0.10860570840872005
-0.33705664886528924
0.04418447446031285
-0.057405264565525395
0.44066657735440384
0.12189135812866145
-0.09733179138119874
0.0030994847468081626
0.0022147714644344674
-0.13370911254091003
0.044132676259023854
-0.1313091994449749
0.16585677347437358
-0.11257292367994107
-0.1078336002035419
-0.12273317965495947
0.08558950553571262
-0.12364261817076626
-0.16140795637266506
-0.16963950540497755
-0.10797578348072503
-0.049509573435318976
0.0177267902976024
0.2599849955946754
0.04342299561022211
-0.07794331977485468
-0.03104767700441592
0.05774994490763027
0.16334271246648527
-0.018069318769398518
0.009549224760891543
-0.1600071105243807
-0.10994086002932327
0.025714332007193193
0.6522332021881907
0.20055929998929922
0.16227132297330837
0.10052169303860067
0.40155287865218486
0.11829628349504243
-0.2690174544791554
0.07552750139641808
-0.010399534350503167
-0.1414900787270573
0.019540087592989853
0.07838849341368025
0.12946035376387374
0.07682967986793117
-0.24854646751246362
0.05767281512300398
-0.12118874868472843
0.21528006794368085
-0.007120359572270984
-0.020464781367881123
-0.0866341603542084
-0.015592001994396488
-0.08020277045984955
-0.12462108446682274
-0.18192685452738183
-0.07303038287623363
0.05232539015914087
0.0919476046185501
0.18691274549777614
-0.07959994927555382
0.08961045788576831
-0.1727528411879851
-0.2303412443562999
-0.32471683779635085
0.18663976125974113
-0.12285572661744631
-0.0858157263139993
0.1369384619541735
-0.33851571431578004
-0.1628829827815306
0.1092598435590458
-0.026341744880162343
0.3260043000309546
-0.042198733136905836
-0.3300891526503245
0.05763823218785231
-0.11117045941011307
-0.04570808085843572
-0.2075732824627712
0.23232498971812818
-0.3730400392914411
-0.24756588777704416
0.20072832000083252
-0.02886858047779098
-0.19121242821658907
0.05000057132759762
0.17799865644253027
0.0872499929575075
0.013088995567210129
-0.03281396263765718
-0.07613861746967845
0.2655181994758769
-0.20131000929863738
-0.04882249720330874
-0.156603604131302
-0.0924000585231086
-0.04123820079962369
0.23705832543218858
0.2627341777189091
-0.20020162219762666
-0.27206636946550566
0.14760799765120744
0.04715617669868781
-0.012094433510019525
0.005453364385443384
0.1280541729595203
0.33499332221117234
-0.10219026010373068
0.13635059203656064
-0.02443461311086166
0.017328949708582723
0.033840221412814626
-0.14297137552856318
0.021252271400779517
0.09148084343192273
-0.22600849288266037
0.05205426263025235
0.016552364504551755
0.07387364835595023
0.09272854670581684
-0.04909539707109115
0.010193064471973446
-0.0828399992833407
0.2551067518593114
0.04260498916359045
0.002036117367664677
0.06650737333356475
-0.3233599565262485
0.04049521115968788
-0.32384038658147957
0.023100512823850276
0.06707948534054534
0.08729317176110321
0.019131891023795106
0.03511294114173539
-0.20208773985874498
-0.10770792734432622
-0.059561167513230026
0.0798613978792979
-0.05014451774828752
-0.12203024319112676
0.2334597816885071
-0.35494837132832746
0.026204123001858894
0.14131657878277146
-0.04796618010614862
-0.08381438491327302
0.018372622322057563
-0.0807313081976482
-0.14854757261926393
-0.1968336941040056
-0.002076225018704392
-0.027714371196107677
-0.00944159720214156
-0.014087417783215598
0.11001457100241019
0.11133939344439195
0.07092274250752348
-0.06808065487141363
-0.035313101476966445
-0.0039027906900450785
-0.140417462435117
0.0489747575144849
0.04823781449174889
0.13140327387992476
-0.29676232587312074
0.006632637620145151
0.20329156150273928
0.1803164954859784
-0.07503126772146082
0.13173348128491177
0.15557321402205232
-0.09366890271958067
0.18030058868831872
-0.033363619756957126
0.04721507086237358
-0.12213333303793732
-0.0905929787774559