2.06634
0.0635244
0.240516
1.71153
-0.195491
-3.40282e+38
1.93568
0.569466
1.40512
1.38513
1.14862
2.45368
0.846679
0.646755
0.686615
1.85455
2.3361
0.213621
0.559291
0.324254
-0.0633366
-0.0739232
-0.591204
0.482067
0.167794
0.659413
1.94197
0.88498
0.368713
0.100636
0.61348
0.730936
0.742641
0.377367
2.89899
0.184763
0.551765
1.10846
2.55372
2.97423
1.35022
0.543812
0.604046
1.45625
0.157397
0.383842
0.684824
0.716332
1.65863
-0.181714
-3.40282e+38
1.66106
0.827141
-0.232716
0.433469
0.571059
0.559472
0.78137
0.204284
0.402758
0.148589
0.970688
1.48491
0.225985
0.914981
0.0527144
0.268725
0.532797
-3.40282e+38
0.640875
0.503875
-0.00337346
-0.0163833
-0.0308759
0.458419
0.523426
0.00451792
-0.122136
0.746871
1.27451
0.0013128
0.983133
1.7538
-inf
3.36866
-0.207405
4.56956
1.36275
1.73627
0.138119
0.185511
2.02873
1.00413
0.794302
2.36962
0.310252
1.42999
-0.0228777
0.49957
0.158809
0.657717
0.982194
0.0770118
-inf
1.23133
0.842707
0.304084
0.614092
1.18233
0.673365
2.28786
0.601533
0.10309
0.42421
0.419095
3.78207
0.203458
0.213673
-0.0261152
0.516931
0.457156
0.376669
0.867574
-inf
1.08885
0.385779
0.161297
0.00105057
0.173879
0.819763
0.0097497
0.77741
0.198733
0.218853
-3.40282e+38
0.761159
1.31359
1.97847
1.66854
1.49331
0.728229
0.613705
1.03435
-0.133265
1.22481
1.73024
0.204627
-0.141417
-inf
0.37686
0.341146
0.605522
0.288643
0.0528245
0.696296
0.796749
1.66124
1.10192
0.153917
0.450777
0.973939
0.673122
0.282032
1.04407
0.0254564
0.879385
2.09579
0.136766
0.902385
0.423551
0.712579
0.753976
0.348543
0.846278
0.608123
0.0288865
-inf
0.18927
-0.211389
0.666364
1.43097
2.06737
0.621862
0.818737
1.27726
0.989592
0.512847
0.126639
-3.40282e+38
-3.40282e+38
0.538872
0.184828
2.3592
0.16568
1.30661
0.566593
1.82836
-0.10303
0.993915
0.778634
1.81297
0.855764
0.164451
-0.192359
2.82711
0.779053
2.64294
0.619024
0.554006
-0.00180652
1.1885
1.26747
4.57747
1.02947
0.365852
0.981312
0.0222237
0.808827
1.07345
0.599614
0.396874
0.288941
0.0264875
1.42076
1.31624
1.79544
3.28425
1.67779
0.83123
0.104649
1.87191
0.521388
0.12633
-0.132467
2.22063
1.11905
1.24129
3.18982
0.206874
1.08785
0.441147
2.24661
0.897948
0.889152
1.33264
2.32516
0.664043
0.738899
0.17727
0.520693
0.797183
0.7987
1.41485
0.213715
0.719632
-3.40282e+38
2.8431
0.583863
0.228351
0.792979
0.10995
0.925872
1.7894
2.92044
-3.40282e+38
1.3675
-0.0135149
0.0289642
0.247922
1.0547
-0.315623
0.733264
-3.40282e+38
2.45363
4.28333
1.02586
0.365268
0.418973
0.441498
0.19665
0.989066
-0.280384
1.16001
0.458043
0.100985
0.210325
0.378514
1.37488
3.84471
1.7618
1.62496
0.721572
-3.40282e+38
1.4869
0.875433
0.505644
0.986689
0.583863
0.140467
0.852245
1.06261
0.417039
1.34959
0.468495
2.79499
-1.13312e-05
0.354518
1.08779
0.573566
0.823811
0.904585
2.10404
1.087
0.495857
2.50175
0.678482
0.857489
1.45035
4.06113
0.646535
0.0433257
1.46751
0.191496
-0.312898
0.130634
0.365121
0.515633
0.268555
1.14555
2.58127
0.386567
0.181948
1.03553
0.66489
0.144766
0.164479
1.77711
1.27582
1.07942
1.08557
0.335438
2.69555
2.58201
-0.181065
0.509382
1.7556
0.914304
-0.160536
1.57454
2.18007
1.01811
1.60899
5.14543
-0.106478
1.65478
1.46795
0.454956
0.689643
1.60704
1.16172
0.298791
0.110523
1.82984
0.758111
-0.0284575
-0.287743
0.224709
1.84661
0.715846
2.66226
1.40965
0.793269
0.494525
0.450919
3.65197
0.824459
-0.605797
0.435279
0.570632
1.633
1.28972
-3.40282e+38
0.475263
-inf
0.480821
2.69773
0.3464
0.824917
1.08261
0.392333
0.849095
1.29496
0.14216
0.638376
0.870321
1.3971
0.90106
0.413071
1.00156
0.66092
0.104932
2.05312
0.33817
1.51013
0.818971
0.396183
0.102418
0.712795
0.440787
0.549125
1.83636
4.00531
-0.242823
1.07104
0.477677
1.04653
1.72017
0.233858
1.76729
1.72386
0.363193
1.8516
0.727998
2.89889
1.05857
1.11665
0.372326
0.451418
0.0575447
0.622938
0.0143194
-3.40282e+38
2.37655
0.95783
1.08197
0.775772
1.28332
0.755719
0.249793
0.365388
1.52938
0.778079
0.24651
1.21113
0.0249853
1.19481
0.741877
1.24749
1.18327
3.73495
1.1689
0.643642
0.289101
0.678503
1.44535
0.961703
0.0518241
0.254735
1.26869
0.556733
0.452491
1.52204
0.485894
1.28183
0.460725
1.37542
2.1998
-0.0330143
-0.273647
1.7314
0.722677
0.696505
0.399498
0.696329
1.01047
-0.456593
0.103119
0.595712
0.592507
-0.208721
0.331906
0.977595
0.971413
0.924125
1.79653
2.33297
0.221287
1.43273
0.463578
0.616024
1.18664
1.46438
0.367683
0.929252
0.312369
0.469033
1.31335
3.17539
0.598243
0.00734101
-0.127225
-0.659345
0.359348
-0.0915724
0.0757912
0.42076
0.339969
0.366644
0.619367
0.475762
-3.40282e+38
-0.0651658
0.455939
-0.205802
0.0330467
0.030107
-0.630072
-3.40282e+38
-0.0246519
0.172092
0.276443
-3.40282e+38
0.341136
0.281011
0.417738
-0.184428
0.415229
-0.0802492
-0.1493
-0.166706
-0.163449
-0.0618166
-0.44082
0.643678
-0.281393
0.191486
-0.0802428
-0.242626
-0.146699
-0.426178
0.00300925
-0.262526
-0.0247344
-0.221067
0.188924
-0.0444831
-0.287669
0.433922
0.655613
-0.30136
-0.310904
-0.346254
0.155422
0.0374529
0.0345715
0.559976
0.440086
-0.33592
-0.566491
0.140256
0.164039
-0.257251
-0.138411
-0.233672
-0.418178
0.486509
0.635163
-0.430703
0.153371
-0.231262
0.559987
-0.543348
-0.44262
0.28188
-0.434486
0.575672
0.226268
0.0860767
0.0380534
0.186816
0.62934
0.310404
0.218407
-0.198511
0.0204804
0.710106
-0.150703
0.186627
-0.118133
0.0547378
0.226054
0.0799077
-0.327043
-0.0226624
0.175247
-0.20249
0.202628
-0.0799223
0.332639
-0.231877
0.0237745
-0.554302
0.195428
-0.0468319
0.537127
-0.289488
-0.0136784
-0.398548
-0.10622
-0.767311
0.0130778
-0.266076
0.413432
0.424362
-inf
-inf
-0.167401
-0.118728
0.25339
0.0365593
-0.0550001
0.0615819
0.4824
-0.109175
-0.0302268
-0.227409
0.62131
-0.395835
0.251378
-0.349843
-0.417699
0.411273
-0.362657
0.0278197
0.421969
-0.150396
0.207431
0.539225
0.58629
-0.248516
-0.156196
-0.194915
-0.118013
0.273681
0.116172
0.348967
0.398203
-inf
0.0729341
-0.0945832
-0.00225977
-0.104699
-0.0675583
0.851578
0.116027
-0.135165
-0.270222
0.213134
-0.288593
-0.0927427
0.373809
0.462895
0.535254
0.30238
0.473646
0.0312013
-0.0132365
-0.294856
-0.130226
0.203343
0.414526
-0.0257218
-0.351255
0.0516736
-0.0810343
0.3553
0.127125
0.056206
0.111096
0.62811
0.256919
-0.0790546
0.123015
-0.102611
0.287298
-0.25177
-0.313708
0.0118703
0.554876
0.728053
-0.170434
0.110015
0.0916776
-3.40282e+38
0.515439
0.151616
-0.245329
0.0514097
0.286382
0.0862273
-0.385161
0.225281
-0.200088
0.262981
0.693736
-0.405442
0.188532
-0.0430635
-0.202824
0.144037
-0.0128868
0.0664996
0.279046
0.0134064
0.343493
0.371528
0.605286
-3.40282e+38
-0.504448
-0.0229311
-0.110559
-0.223451
0.0515683
0.928897
0.243292
-inf
-inf
0.88246
-0.137752
-inf
0.143296
-0.0330726
-0.499302
-0.0428886
0.299489
-0.232374
-0.346513
-inf
0.378663
-0.126885
0.126422
-0.19822
-0.792837
-0.00285547
-0.173576
0.180271
-0.195433
-0.202634
-0.22425
-0.21264
-0.394721
0.278455
-0.226924
0.159801
0.374097
-0.25537
-0.549106
-0.386737
-0.0476785
-0.165334
-0.242784
0.636618
0.229724
0.371256
0.0797539
-0.0618215
0.0409818
0.347449
0.321708
0.137048
-0.472476
0.01492
0.0359604
0.334802
-0.284216
-0.00985168
0.0226818
-0.0402825
0.668019
0.164322
-0.200695
0.301407
0.307591
-0.241768
0.381893
-0.0391234
0.313042
0.15961
-0.1463
0.623854
0.365496
-0.00508771
0.0273034
0.080021
0.593325
0.390313
0.11045
-0.18414
0.415987
-0.0215147
-0.18825
0.153595
-0.481924
-0.348925
0.201581
-0.467919
-0.191208
0.166577
0.451314
0.0289286
-0.0602092
0.20392
-0.0556217
1.1019
0.162813
0.0350847
-0.0238943
-0.224298
0.24417
0.144455
-0.0208268
0.0801505
-0.27546
0.427473
0.138649
-0.166723
0.887443
-0.170771
0.221499
0.233939
0.564709
-0.102755
0.31413
0.105521
-0.145209
0.653838
0.362777
-0.140446
0.0896509
-0.144128
0.463306
-0.213226
0.355447
0.109071
-0.00957811
0.428117
0.143609
0.700568
0.447834
-0.0866789
0.169924
0.178157
-inf
-0.483462
-0.0379175
-0.142529
-0.112831
-0.424351
-0.00140669
-0.0985686
0.2454
-0.238491
0.211843
0.252401
0.420014
0.588611
0.476809
0.487972
-0.0606624
0.0828085
-0.136156
0.299337
-0.285142
-0.311631
-0.0746387
-0.372323
-0.311594
-0.0631764
0.18043
-inf
-0.0100815
0.088186
0.376212
-0.228028
-0.441226
0.0517011
-0.411907
0.320806
-inf
-0.0319961
-0.609899
0.50568
0.0930422
-0.115247
0.210785
0.14141
0.0110835
-0.11996
0.698147
1.00437
0.161649
-0.116174
0.691876
0.392741
0.0519374
0.19582
0.0650913
0.00232775
0.221363
-0.763151
0.340862
-0.226242
0.079741
0.127092
0.485816
0.323236
0.0828975
-0.0358374
0.370832
0.803873
-0.307129
-0.225692
0.443214
0.0547702
-0.0915837
-0.092597
-0.0777661
-0.0673786
0.159535
0.693148
-inf
-0.0388223
-0.083872
0.0847494
-0.347578
0.19789
0.286748
0.0604617
0.326098
0.0291649
1.1503
-0.759342
0.428085
0.742133
0.3602
0.061713
-0.18106
-0.123544
-0.0732433
0.365142
0.0544076
0.593637
-0.0402905
-0.160931
-0.0945347
-0.512629
-0.413095
0.509961
0.120786
0.487598
0.120721
0.036637
0.327762
-0.0931393
0.130662
0.0162473
0.0831727
0.432273
0.0839691
0.440141
0.291142
-0.233986
-0.0378414
0.240864
0.689919
0.440598
-0.261599
0.389404
0.0810748
-0.0619445
0.292086
0.291635
-0.085876
0.0110285
-0.0224666
-0.456345
-0.440679
0.0529151
0.163832
-0.346688
0.188414
0.44817
-0.157363
0.0074527
0.10398
0.271977
0.0686364
0.300994
0.320545
0.146148
